+----+---------------------------------------------------------------+--------+---------+--------+--------+---------+--------+--------+---------+--------+--------+---------+--------+--------+---------+--------+--------+---------+--------+--------+---------+--------+--------+---------+--------+--------+---------+--------+---------+----------+---------+
| #  | state                                                         | P1 min | P1 aver | P1 max | P2 min | P2 aver | P2 max | P3 min | P3 aver | P3 max | P4 min | P4 aver | P4 max | P5 min | P5 aver | P5 max | P6 min | P6 aver | P6 max | P7 min | P7 aver | P7 max | P8 min | P8 aver | P8 max | P9 min | P9 aver | P9 max | P10 min | P10 aver | P10 max |
+----+---------------------------------------------------------------+--------+---------+--------+--------+---------+--------+--------+---------+--------+--------+---------+--------+--------+---------+--------+--------+---------+--------+--------+---------+--------+--------+---------+--------+--------+---------+--------+---------+----------+---------+
| 1  | P1(0) P2(0) P3(0) P4(0) P5(0) P6(0) P7(0) P8(1) P9(0) P10(0)  | 0      | 0       | 0      | 0      | 0       | 0      | 0      | 0       | 0      | 0      | 0       | 0      | 0      | 0       | 0      | 0      | 0       | 0      | 0      | 0       | 0      | 1      | 1       | 1      | 0      | 0       | 0      | 0       | 0        | 0       |
+----+---------------------------------------------------------------+--------+---------+--------+--------+---------+--------+--------+---------+--------+--------+---------+--------+--------+---------+--------+--------+---------+--------+--------+---------+--------+--------+---------+--------+--------+---------+--------+---------+----------+---------+
| 2  | P1(1) P2(0) P3(0) P4(0) P5(0) P6(0) P7(0) P8(1) P9(0) P10(0)  | 0      | 0,5     | 1      | 0      | 0,5     | 1      | 0      | 25      | 50     | 0      | 0       | 0      | 0      | 0       | 0      | 0      | 0       | 0      | 0      | 0       | 0      | 1      | 1       | 1      | 0      | 0       | 0      | 0       | 0        | 0       |
+----+---------------------------------------------------------------+--------+---------+--------+--------+---------+--------+--------+---------+--------+--------+---------+--------+--------+---------+--------+--------+---------+--------+--------+---------+--------+--------+---------+--------+--------+---------+--------+---------+----------+---------+
| 3  | P1(1) P2(0) P3(0) P4(0) P5(0) P6(1) P7(0) P8(1) P9(0) P10(0)  | 0      | 0,5     | 1      | 0      | 0,5     | 1      | 0      | 24,51   | 49     | 0      | 0       | 0      | 0      | 0       | 0      | 0      | 0,02    | 1      | 0      | 0       | 0      | 1      | 1       | 1      | 0      | 0,98    | 1      | 0       | 0        | 0       |
+----+---------------------------------------------------------------+--------+---------+--------+--------+---------+--------+--------+---------+--------+--------+---------+--------+--------+---------+--------+--------+---------+--------+--------+---------+--------+--------+---------+--------+--------+---------+--------+---------+----------+---------+
| 4  | P1(1) P2(0) P3(0) P4(0) P5(0) P6(1) P7(0) P8(1) P9(0) P10(1)  | 0      | 0,5     | 1      | 0      | 0,5     | 1      | 0      | 24,52   | 49     | 0      | 0       | 0      | 0      | 0       | 0      | 0      | 0,04    | 1      | 0      | 0       | 0      | 1      | 1,96    | 2      | 0      | 0       | 0      | 1       | 1        | 1       |
+----+---------------------------------------------------------------+--------+---------+--------+--------+---------+--------+--------+---------+--------+--------+---------+--------+--------+---------+--------+--------+---------+--------+--------+---------+--------+--------+---------+--------+--------+---------+--------+---------+----------+---------+
| 5  | P1(1) P2(0) P3(0) P4(0) P5(1) P6(1) P7(0) P8(1) P9(0) P10(1)  | 0      | 0,46    | 1      | 0      | 0,54    | 1      | 0      | 2,6     | 7      | 0      | 0,48    | 1      | 0      | 0,52    | 1      | 0      | 0,57    | 2      | 0      | 1,75    | 5      | 1      | 3,6     | 5      | 0      | 2,91    | 4      | 1       | 3,34     | 5       |
+----+---------------------------------------------------------------+--------+---------+--------+--------+---------+--------+--------+---------+--------+--------+---------+--------+--------+---------+--------+--------+---------+--------+--------+---------+--------+--------+---------+--------+--------+---------+--------+---------+----------+---------+
| 6  | P1(1) P2(0) P3(0) P4(1) P5(1) P6(1) P7(0) P8(1) P9(0) P10(1)  | 0      | 0,62    | 1      | 0      | 0,38    | 1      | 0      | 1,31    | 3      | 0      | 1,29    | 2      | 0      | 0,71    | 2      | 0      | 0,57    | 3      | 0      | 2,16    | 4      | 1      | 2,89    | 5      | 0      | 2,72    | 6      | 1       | 4,2      | 6       |
+----+---------------------------------------------------------------+--------+---------+--------+--------+---------+--------+--------+---------+--------+--------+---------+--------+--------+---------+--------+--------+---------+--------+--------+---------+--------+--------+---------+--------+--------+---------+--------+---------+----------+---------+
| 7  | P1(1) P2(0) P3(1) P4(1) P5(1) P6(1) P7(0) P8(1) P9(0) P10(1)  | 0      | 0,51    | 1      | 0      | 0,49    | 1      | 0      | 0,89    | 3      | 0      | 1,4     | 2      | 0      | 0,6     | 2      | 0      | 0,54    | 3      | 0      | 4,09    | 7      | 1      | 2,71    | 5      | 0      | 3,44    | 6      | 1       | 2,41     | 3       |
+----+---------------------------------------------------------------+--------+---------+--------+--------+---------+--------+--------+---------+--------+--------+---------+--------+--------+---------+--------+--------+---------+--------+--------+---------+--------+--------+---------+--------+--------+---------+--------+---------+----------+---------+
| 8  | P1(1) P2(1) P3(1) P4(1) P5(1) P6(1) P7(0) P8(1) P9(0) P10(1)  | 0      | 0,72    | 2      | 0      | 1,28    | 2      | 0      | 0,57    | 2      | 0      | 1,6     | 2      | 0      | 0,4     | 2      | 0      | 0,81    | 4      | 0      | 2,04    | 3      | 1      | 3,29    | 4      | 0      | 3,44    | 8      | 1       | 3,87     | 7       |
+----+---------------------------------------------------------------+--------+---------+--------+--------+---------+--------+--------+---------+--------+--------+---------+--------+--------+---------+--------+--------+---------+--------+--------+---------+--------+--------+---------+--------+--------+---------+--------+---------+----------+---------+
| 9  | P1(1) P2(1) P3(1) P4(1) P5(1) P6(1) P7(0) P8(1) P9(1) P10(1)  | 0      | 0,89    | 2      | 0      | 1,11    | 2      | 0      | 5,53    | 12     | 0      | 1,11    | 2      | 0      | 0,89    | 2      | 0      | 0,67    | 2      | 0      | 3,67    | 6      | 1      | 3,11    | 6      | 1      | 3,2     | 4      | 1       | 1,46     | 4       |
+----+---------------------------------------------------------------+--------+---------+--------+--------+---------+--------+--------+---------+--------+--------+---------+--------+--------+---------+--------+--------+---------+--------+--------+---------+--------+--------+---------+--------+--------+---------+--------+---------+----------+---------+
| 10 | P1(1) P2(1) P3(1) P4(1) P5(1) P6(1) P7(1) P8(1) P9(1) P10(1)  | 0      | 1,08    | 2      | 0      | 0,92    | 2      | 0      | 1,76    | 4      | 0      | 1,16    | 2      | 0      | 0,84    | 2      | 0      | 1,82    | 5      | 1      | 1,48    | 4      | 1      | 2,25    | 3      | 1      | 3,78    | 5      | 1       | 5,51     | 9       |
+----+---------------------------------------------------------------+--------+---------+--------+--------+---------+--------+--------+---------+--------+--------+---------+--------+--------+---------+--------+--------+---------+--------+--------+---------+--------+--------+---------+--------+--------+---------+--------+---------+----------+---------+

